开始训练模型....................
min_rmse:15.151846
min_mae:9.276983
max_acc:0.7823547422885895
程序的运行时间为： 23566.393048524857 s
