开始训练模型....................
min_rmse:15.540112
min_mae:10.139366
max_acc:0.7778961807489395
程序的运行时间为： 4349.077674150467 s
