开始训练模型....................
min_rmse:15.423197
min_mae:9.7132845
max_acc:0.7804895490407944
程序的运行时间为： 10308.602316141129 s
