开始训练模型....................
min_rmse:15.33815
min_mae:9.515948
max_acc:0.7790743559598923
程序的运行时间为： 40307.90910077095 s
