开始训练模型....................
min_rmse:15.159176
min_mae:9.408239
max_acc:0.7823794186115265
程序的运行时间为： 9935.453608512878 s
