开始训练模型....................
min_rmse:15.340009
min_mae:9.508909
max_acc:0.7813120037317276
程序的运行时间为： 6829.218379974365 s
