开始训练模型....................
min_rmse:15.151042
min_mae:9.371323
max_acc:0.7820447981357574
程序的运行时间为： 13994.627206087112 s
