开始训练模型....................
min_rmse:14.975904
min_mae:9.362004
max_acc:0.7837020009756088
程序的运行时间为： 13421.998653888702 s
