开始训练模型....................
min_rmse:15.195096
min_mae:9.380661
max_acc:0.782741904258728
程序的运行时间为： 23140.785569429398 s
